Result of query on yeast with node count 8, max depth 2 with 100 iterations
node_count,gpu_conversion_time,gpu_runtime,cypher_runtime
START
8,272,332,2492
7,28,77,361
6,25,56,156
5,11,60,98
4,7,73,45
3,5,47,27
2,5,68,18
8,6,127,1161
7,5,79,292
6,5,69,106
5,4,64,70
4,5,60,26
3,4,70,18
2,5,61,10
8,4,146,1304
7,4,83,541
6,5,58,89
5,4,71,39
4,4,68,18
3,4,67,14
2,4,68,9
8,4,64,250
7,4,66,104
6,4,76,55
5,5,62,36
4,6,65,28
3,4,48,12
2,4,50,8
8,6,73,113
7,4,75,90
6,6,80,60
5,4,76,40
4,7,68,35
3,5,49,15
2,4,68,8
8,5,1475,9043
7,4,131,3166
6,5,74,239
5,4,66,40
4,4,67,40
3,5,64,16
2,4,61,8
8,4,61,106
7,4,78,136
6,4,48,137
5,4,72,55
4,4,61,25
3,20,58,13
2,4,57,8
7,305,359,13989
6,7,83,977
5,15,58,38
4,6,54,18
3,6,67,11
2,7,64,7
8,5,55,98
7,5,72,64
6,3,54,43
5,4,75,22
4,4,73,14
3,4,74,11
2,4,53,6
8,4,63,364
7,4,50,113
6,4,77,58
5,4,66,27
4,4,73,16
3,5,67,12
2,4,61,7
8,4,3288,24523
7,34,146,2809
6,5,53,300
5,4,63,49
4,4,56,18
3,5,64,14
2,6,47,7
8,5,55,246
7,4,50,119
6,5,49,78
5,5,56,70
4,5,48,21
3,4,50,11
2,4,44,7
8,4,116,1614
7,5,127,1941
6,5,61,258
5,4,45,57
4,4,55,18
3,5,60,11
2,5,56,7
8,3,78,745
7,18,372,14954
6,20,129,2774
5,4,62,96
4,4,58,31
3,5,54,14
2,44,42,8
8,5,46,204
7,6,52,88
6,4,61,50
5,7,58,24
4,4,55,17
3,5,106,15
2,7,44,8
8,5,57,634
7,5,53,272
6,5,68,140
5,4,67,61
4,5,45,48
3,9,50,5
2,5,42,2
8,5,50,215
7,4,69,81
6,4,77,42
5,4,72,22
4,4,93,19
3,7,47,9
2,4,52,6
8,4,73,235
7,4,71,87
6,4,73,70
5,5,41,23
4,4,63,16
3,5,64,11
2,6,44,2
8,4,74,178
7,4,66,80
6,4,54,36
5,4,90,30
4,8,41,11
3,5,66,8
2,4,63,8
8,3,72,180
7,5,70,73
6,4,74,40
5,4,75,19
4,4,74,12
3,5,75,9
2,4,48,6
8,13,85,197
7,7,64,79
6,4,66,36
5,4,58,53
4,5,69,39
3,6,58,11
2,5,39,6
8,4,102,2205
7,4,92,639
6,5,68,201
5,5,66,53
4,5,60,20
3,5,58,11
2,5,44,7
8,5,60,193
7,4,72,505
6,5,59,79
5,5,50,32
4,7,51,13
3,5,49,9
2,4,38,6
8,4,54,171
7,5,59,98
6,4,45,33
5,4,53,20
4,5,53,11
3,4,44,7
2,4,41,6
8,4,145,2987
7,6,59,406
6,5,68,372
5,4,54,41
4,4,48,17
3,4,51,11
2,5,49,8
8,4,64,284
7,4,54,122
6,4,54,47
5,4,52,21
4,4,55,14
3,4,57,10
2,4,45,6
7,31,1047,18042
6,99,129,2322
5,39,78,257
4,5,49,51
3,4,61,17
2,4,53,8
8,4,79,447
7,4,54,231
6,5,68,162
5,5,70,28
4,4,69,18
3,4,70,12
2,5,61,2
8,4,71,127
7,4,71,56
6,11,80,29
5,5,62,16
4,4,68,11
3,5,73,9
2,5,59,8
8,5,57,128
7,4,91,608
6,4,54,93
5,5,69,28
4,6,69,22
3,7,49,8
2,4,56,7
8,4,69,182
7,6,70,75
6,4,72,63
5,9,44,22
4,4,60,18
3,5,65,11
2,5,57,2
8,5,2780,18177
7,13,195,2385
6,4,60,280
5,4,49,26
4,4,42,17
3,4,53,9
2,5,42,6
8,5,144,4105
7,5,53,364
6,4,53,95
5,4,50,30
4,5,54,22
3,6,47,10
2,4,45,1
8,5,66,189
7,5,62,83
6,4,70,43
5,4,62,24
4,5,66,20
3,5,68,12
2,4,69,6
8,9,87,203
7,7,49,90
6,4,51,41
5,5,73,20
4,4,71,11
3,5,68,11
2,6,65,7
8,4,169,2400
7,5,57,370
6,4,61,74
5,5,71,26
4,5,70,14
3,6,58,10
2,5,67,1
8,4,77,196
7,5,57,72
6,5,72,139
5,4,76,31
4,4,77,17
3,5,60,9
2,5,46,2
8,6,62,129
7,4,61,62
6,4,49,31
5,4,47,20
4,4,56,17
3,5,58,10
2,4,59,6
8,5,70,217
7,8,44,75
6,4,58,42
5,4,67,79
4,4,51,22
3,5,54,3
2,5,47,1
8,4,62,311
7,4,53,145
6,5,46,43
5,4,50,22
4,4,52,13
3,4,56,9
2,4,50,1
8,4,56,86
7,5,64,46
6,4,52,24
5,4,63,18
4,4,61,12
3,5,61,9
2,5,49,6
8,5,562,13585
7,14,132,3219
6,5,116,2645
5,5,59,153
4,4,45,31
3,5,44,4
2,4,41,2
8,5,53,169
7,4,55,70
6,5,54,31
5,4,58,18
4,6,67,15
3,7,46,7
2,5,48,5
8,5,63,1215
7,4,46,146
6,4,49,114
5,5,44,20
4,5,44,14
3,4,49,9
2,5,45,7
8,5,50,455
7,5,50,137
6,5,54,63
5,4,58,22
4,5,52,16
3,4,50,10
2,4,54,5
8,4,71,800
7,4,67,305
6,5,67,154
5,4,70,22
4,5,64,13
3,5,66,9
2,4,61,1
8,5,67,952
7,12,75,705
6,5,66,125
5,4,66,27
4,4,54,15
3,4,63,9
2,5,54,8
8,5,174,12688
7,4,159,9632
6,5,64,73
5,4,46,25
4,5,54,13
3,6,51,9
2,5,47,8
8,4,58,197
7,4,53,79
6,4,55,38
5,5,57,20
4,4,55,12
3,3,47,8
2,4,49,7
8,4,67,223
7,6,40,71
6,4,41,34
5,4,49,26
4,6,43,14
3,5,47,8
2,5,45,2
8,4,57,172
7,4,59,81
6,5,57,32
5,4,62,18
4,5,63,11
3,4,59,10
2,4,60,2
8,6,177,2469
7,5,57,336
6,6,53,57
5,5,52,20
4,5,64,13
3,5,63,7
2,4,58,6
8,4,65,214
7,4,44,87
6,4,54,38
5,4,49,22
4,4,51,12
3,3,48,9
2,5,49,5
8,5,62,198
7,4,42,74
6,6,56,38
5,4,60,20
4,5,50,11
3,5,47,13
2,6,45,7
8,5,56,181
7,5,56,71
6,4,46,56
5,6,53,20
4,5,38,13
3,4,39,9
2,5,38,6
8,5,54,172
7,5,58,72
6,4,53,53
5,5,55,29
4,4,51,16
3,5,50,10
2,6,50,6
8,13,72,97
7,4,48,43
6,6,47,25
5,4,50,19
4,5,55,15
3,5,47,10
2,4,51,7
8,5,63,184
7,4,64,97
6,5,86,47
5,5,41,26
4,4,48,16
3,6,53,9
2,5,51,5
8,5,60,265
7,4,56,145
6,6,58,55
5,4,49,21
4,5,56,17
3,4,47,9
2,4,44,6
8,4,72,640
7,5,53,211
6,4,49,42
5,5,46,21
4,5,45,14
3,5,49,12
2,6,54,2
8,8,61,191
7,4,50,72
6,4,44,30
5,4,50,17
4,5,57,10
3,4,47,7
2,4,43,5
8,5,185,2676
7,5,55,349
6,4,53,317
5,5,48,23
4,5,43,7
3,5,45,2
2,4,46,2
8,8,66,302
7,4,44,106
6,4,45,45
5,5,47,19
4,4,45,11
3,4,48,9
2,5,47,1
8,5,49,114
7,7,52,60
6,5,53,63
5,10,74,19
4,4,38,12
3,4,50,8
2,5,50,7
8,5,77,1885
7,4,65,510
6,4,47,411
5,5,51,35
4,5,50,33
3,4,50,11
2,5,48,6
7,239,344,5546
6,6,109,811
5,5,74,121
4,6,73,26
3,4,63,10
2,4,51,2
8,4,76,297
7,5,71,112
6,5,70,51
5,4,68,59
4,6,44,14
3,4,59,8
2,4,62,1
8,4,72,171
7,4,73,68
6,4,61,30
5,4,72,58
4,5,67,10
3,4,38,7
2,4,47,5
8,4,68,164
7,4,66,66
6,4,74,31
5,5,75,17
4,4,61,10
3,49,69,11
2,6,34,6
8,4,69,229
7,4,73,126
6,7,44,38
5,4,64,18
4,4,64,11
3,4,67,8
2,4,67,5
8,4,76,167
7,4,79,116
6,6,45,32
5,4,70,18
4,4,65,10
3,4,61,8
2,5,66,6
7,6,4721,47169
6,13,95,3990
5,4,53,68
4,5,51,31
3,5,86,15
2,4,33,1
8,4,52,168
7,4,69,81
6,3,71,42
5,4,69,22
4,4,68,14
3,4,68,12
2,4,66,5
8,5,69,208
7,5,79,127
6,6,49,40
5,5,43,19
4,4,62,12
3,5,70,8
2,4,63,5
8,4,75,132
7,4,58,79
6,4,75,34
5,5,56,19
4,4,70,13
3,5,73,8
2,4,60,6
8,4,76,228
7,7,41,71
6,4,64,33
5,4,60,33
4,5,59,11
3,4,53,8
2,4,45,1
8,6,48,180
7,4,52,69
6,4,46,33
5,5,54,45
4,6,59,13
3,6,41,7
2,5,41,5
8,5,53,86
7,6,52,43
6,4,50,23
5,4,51,16
4,6,50,11
3,5,53,10
2,5,47,7
8,5,56,134
7,4,60,58
6,4,54,25
5,4,53,261
4,18,70,13
3,7,67,12
2,5,36,2
8,6,63,451
7,4,68,408
6,4,56,228
5,4,44,33
4,5,41,14
3,5,47,9
2,8,43,5
6,31,395,6196
5,5,95,264
4,4,58,33
3,4,48,57
2,8,37,7
8,4,694,15022
7,13,105,1689
5,33,333,3254
4,5,82,168
3,5,60,16
2,4,62,2
8,4,75,169
7,4,72,81
6,7,60,30
5,4,70,16
4,5,72,13
3,4,64,9
2,5,71,7
8,5,72,195
7,4,65,89
6,4,43,35
5,5,59,19
4,4,67,10
3,4,62,9
2,5,67,1
8,4,3614,20962
7,12,343,10357
6,14,107,1589
5,4,46,55
4,5,45,22
3,5,106,10
2,4,33,6
8,4,79,1501
7,4,46,295
6,4,42,116
5,4,51,24
4,5,48,12
3,4,40,8
2,4,37,6
8,4,71,461
7,5,52,95
6,5,54,42
5,5,65,22
4,5,59,17
3,4,76,12
2,4,63,1
8,5,66,212
7,4,41,68
6,4,69,33
5,4,70,18
4,4,64,11
3,5,52,9
2,4,67,6
8,4,73,184
7,5,72,185
6,4,41,48
5,4,66,23
4,5,65,14
3,5,61,7
2,3,55,6
8,4,79,283
7,7,63,66
6,5,50,32
5,4,58,19
4,5,66,10
3,5,64,9
2,5,63,9
8,5,69,285
7,7,67,90
6,4,48,39
5,5,67,21
4,4,67,14
3,5,69,9
2,5,62,5
8,4,68,13
7,6,65,6
6,4,70,9
5,5,76,60
4,5,63,11
3,4,52,3
2,4,67,2
8,4,71,224
7,5,54,68
6,4,65,34
5,5,68,18
4,5,66,10
3,4,66,10
2,5,57,5
8,4,68,99
7,4,62,53
6,6,60,31
5,5,55,20
4,4,42,12
3,6,40,9
2,4,51,0
8,6,59,106
7,4,56,64
6,6,54,35
5,4,54,25
4,4,50,12
3,4,46,7
2,4,46,1
8,5,59,64
7,4,56,45
6,5,64,27
5,6,51,17
4,5,38,11
3,4,39,8
2,6,43,6
7,4,3906,15381
6,13,253,2294
5,4,57,209
4,5,47,76
3,4,36,9
2,4,39,2
8,4,48,68
7,4,47,39
6,5,53,27
5,4,51,18
4,4,57,12
3,6,54,9
2,5,40,6
8,4,50,122
7,7,46,37
6,4,45,24
5,4,44,15
4,6,50,11
3,4,48,7
2,5,39,6
8,5,54,62
7,4,47,34
6,5,46,28
5,7,55,24
4,6,59,14
3,7,47,7
2,6,37,6
END
-----Averages for query with 2 nodes ----
Average GPU conversion time: 5.08 ms
Average GPU run time: 51.49 ms
Average Cypher run time: 5.23 ms
-----Averages for query with 3 nodes ----
Average GPU conversion time: 5.38 ms
Average GPU run time: 57.15 ms
Average Cypher run time: 10.37 ms
-----Averages for query with 4 nodes ----
Average GPU conversion time: 4.88 ms
Average GPU run time: 58.02 ms
Average Cypher run time: 19.35 ms
-----Averages for query with 5 nodes ----
Average GPU conversion time: 5.35 ms
Average GPU run time: 62.54 ms
Average Cypher run time: 73.93 ms
-----Averages for query with 6 nodes ----
Average GPU conversion time: 6.515151515151516 ms
Average GPU run time: 67.25252525252525 ms
Average Cypher run time: 309.62626262626264 ms
-----Averages for query with 7 nodes ----
Average GPU conversion time: 11.434343434343434 ms
Average GPU run time: 173.989898989899 ms
Average Cypher run time: 1651.2323232323233 ms
-----Averages for query with 8 nodes ----
Average GPU conversion time: 7.670212765957447 ms
Average GPU run time: 204.54255319148936 ms
Average Cypher run time: 1695.0 ms
----Failed queries----
MATCH (A:O)-[:INTERACTS_WITH]->(B:P), (B:P)-[:INTERACTS_WITH]->(C:T), (B:P)-[:INTERACTS_WITH]->(D:P), (B:P)-[:INTERACTS_WITH]->(E:P), (B:P)-[:INTERACTS_WITH]->(F:P), (B:P)-[:INTERACTS_WITH]->(G:P), (B:P)-[:INTERACTS_WITH]->(H:P) RETURN D, E, F, G, A, B, C, H;
MATCH (B:T)-[:INTERACTS_WITH]->(A:T), (B:T)-[:INTERACTS_WITH]->(C:T), (D:T)-[:INTERACTS_WITH]->(B:T), (E:T)-[:INTERACTS_WITH]->(B:T), (F:T)-[:INTERACTS_WITH]->(B:T), (G:T)-[:INTERACTS_WITH]->(B:T), (H:T)-[:INTERACTS_WITH]->(B:T) RETURN D, E, F, G, A, B, C, H;
MATCH (B:T)-[:INTERACTS_WITH]->(A:U), (B:T)-[:INTERACTS_WITH]->(C:T), (D:T)-[:INTERACTS_WITH]->(B:T), (E:T)-[:INTERACTS_WITH]->(B:T), (F:U)-[:INTERACTS_WITH]->(B:T), (G:T)-[:INTERACTS_WITH]->(B:T), (H:T)-[:INTERACTS_WITH]->(B:T) RETURN D, E, F, G, A, B, C, H;
MATCH (B:P)-[:INTERACTS_WITH]->(A:P), (B:P)-[:INTERACTS_WITH]->(C:T), (B:P)-[:INTERACTS_WITH]->(D:P), (B:P)-[:INTERACTS_WITH]->(E:P), (B:P)-[:INTERACTS_WITH]->(F:P), (B:P)-[:INTERACTS_WITH]->(G:P), (B:P)-[:INTERACTS_WITH]->(H:P) RETURN D, E, F, G, A, B, C, H;
MATCH (B:U)-[:INTERACTS_WITH]->(A:D), (B:U)-[:INTERACTS_WITH]->(C:U), (B:U)-[:INTERACTS_WITH]->(D:U), (B:U)-[:INTERACTS_WITH]->(E:T), (B:U)-[:INTERACTS_WITH]->(F:U), (B:U)-[:INTERACTS_WITH]->(G:T), (B:U)-[:INTERACTS_WITH]->(H:T) RETURN D, E, F, G, A, B, C, H;
MATCH (B:U)-[:INTERACTS_WITH]->(A:D), (B:U)-[:INTERACTS_WITH]->(C:U), (B:U)-[:INTERACTS_WITH]->(D:U), (B:U)-[:INTERACTS_WITH]->(E:T), (B:U)-[:INTERACTS_WITH]->(F:U), (B:U)-[:INTERACTS_WITH]->(G:T) RETURN D, E, F, G, A, B, C;
MATCH (B:U)-[:INTERACTS_WITH]->(A:U), (B:U)-[:INTERACTS_WITH]->(C:U), (B:U)-[:INTERACTS_WITH]->(D:U), (B:U)-[:INTERACTS_WITH]->(E:U), (B:U)-[:INTERACTS_WITH]->(F:U) RETURN D, E, F, A, B, C;
